


        MORTGAGE AMORTIZATION TABLE

Amount:                     $   20,000.00
Interest Rate:              2.75%
Term (Years):               15
Monthly Payment:            $      135.71
Additional Principal:       $        0.00
Actual Payment:             $      135.71

          Principal      Interest       Balance
1      $      89.89  $      45.82  $  19,910.11
2             90.09         45.63     19,820.00
3             90.29         45.42     19,729.70
4             90.51         45.21     19,639.20
5             90.71         45.00     19,548.47
6             90.93         44.79     19,457.54
7             91.12         44.59     19,366.41
8             91.34         44.38     19,275.08
9             91.54         44.17     19,183.52
10            91.76         43.96     19,091.75
11            91.96         43.75     18,999.79
12            92.18         43.53     18,907.61
13            92.39         43.32     18,815.20
14            92.60         43.11     18,722.61
15            92.81         42.90     18,629.79
16            93.03         42.68     18,536.75
17            93.23         42.47     18,443.50
18            93.45         42.27     18,350.06
19            93.67         42.04     18,256.38
20            93.89         41.84     18,162.50
21            94.09         41.61     18,068.38
22            94.31         41.40     17,974.08
23            94.53         41.18     17,879.54
24            94.75         40.96     17,784.79
25            94.96         40.75     17,689.83
26            95.18         40.53     17,594.63
27            95.40         40.32     17,499.24
28            95.62         40.10     17,403.61
29            95.84         39.88     17,307.77
30            96.06         39.65     17,211.70
31            96.28         39.43     17,115.43
32            96.50         39.21     17,018.93
33            96.71         39.00     16,922.20
34            96.93         38.78     16,825.25
35            97.17         38.56     16,728.09
36            97.39         38.34     16,630.70
37            97.60         38.10     16,533.09
38            97.84         37.89     16,435.25
39            98.06         37.65     16,337.20
40            98.28         37.43     16,238.92
41            98.51         37.21     16,140.40
42            98.73         36.99     16,041.67
43            98.95         36.75     15,942.70
44            99.18         36.53     15,843.52
45            99.42         36.31     15,744.10
46            99.64         36.07     15,644.45
47            99.87         35.85     15,544.59
48           100.09         35.61     15,444.47
49           100.32         35.39     15,344.14
50           100.56         35.15     15,243.59
51           100.79         34.92     15,142.79
52           101.01         34.70     15,041.78
53           101.25         34.46     14,940.53
54           101.48         34.24     14,839.04
55           101.71         34.00     14,737.31
56           101.95         33.77     14,635.37
57           102.18         33.53     14,533.19
58           102.42         33.31     14,430.77
59           102.65         33.07     14,328.11
60           102.89         32.84     14,225.21
61           103.12         32.60     14,122.10
62           103.35         32.35     14,018.73
63           103.59         32.13     13,915.13
64           103.84         31.89     13,811.29
65           104.06         31.64     13,707.22
66           104.31         31.41     13,602.92
67           104.54         31.17     13,498.37
68           104.79         30.92     13,393.57
69           105.03         30.69     13,288.54
70           105.26         30.44     13,183.28
71           105.51         30.21     13,077.76
72           105.75         29.96     12,972.01
73           106.00         29.73     12,866.01
74           106.23         29.48     12,759.77
75           106.48         29.23     12,653.29
76           106.73         29.00     12,546.55
77           106.96         28.75     12,439.59
78           107.21         28.51     12,332.37
79           107.45         28.26     12,224.90
80           107.70         28.01     12,117.20
81           107.95         27.76     12,009.25
82           108.20         27.51     11,901.04
83           108.45         27.26     11,792.59
84           108.70         27.01     11,683.88
85           108.95         26.78     11,574.94
86           109.20         26.53     11,465.73
87           109.45         26.28     11,356.29
88           109.70         26.01     11,246.60
89           109.95         25.76     11,136.64
90           110.20         25.51     11,026.44
91           110.45         25.26     10,915.98
92           110.70         25.01     10,805.28
93           110.95         24.76     10,694.31
94           111.21         24.51     10,583.10
95           111.46         24.25     10,471.62
96           111.73         24.00     10,359.89
97           111.98         23.73     10,247.92
98           112.23         23.48     10,135.68
99           112.50         23.23     10,023.18
100          112.75         22.96      9,910.43
101          113.01         22.71      9,797.40
102          113.26         22.44      9,684.13
103          113.53         22.19      9,570.61
104          113.79         21.92      9,456.81
105          114.04         21.67      9,342.77
106          114.31         21.41      9,228.45
107          114.57         21.14      9,113.87
108          114.84         20.89      8,999.04
109          115.09         20.62      8,883.94
110          115.37         20.35      8,768.56
111          115.62         20.08      8,652.94
112          115.89         19.82      8,537.04
113          116.15         19.55      8,420.88
114          116.43         19.30      8,304.45
115          116.68         19.03      8,187.77
116          116.95         18.76      8,070.81
117          117.23         18.50      7,953.57
118          117.50         18.23      7,836.07
119          117.76         17.96      7,718.31
120          118.04         17.69      7,600.27
121          118.31         17.42      7,481.97
122          118.57         17.14      7,363.39
123          118.84         16.87      7,244.53
124          119.12         16.60      7,125.42
125          119.40         16.32      7,006.02
126          119.67         16.05      6,886.35
127          119.93         15.77      6,766.40
128          120.21         15.50      6,646.19
129          120.48         15.23      6,525.69
130          120.76         14.94      6,404.93
131          121.04         14.67      6,283.89
132          121.31         14.40      6,162.56
133          121.59         14.11      6,040.96
134          121.87         13.83      5,919.07
135          122.15         13.56      5,796.92
136          122.43         13.27      5,674.47
137          122.71         13.00      5,551.76
138          123.00         12.72      5,428.76
139          123.28         12.43      5,305.47
140          123.56         12.16      5,181.90
141          123.84         11.88      5,058.06
142          124.12         11.58      4,933.93
143          124.42         11.31      4,809.51
144          124.70         11.01      4,684.81
145          124.98         10.74      4,559.81
146          125.26         10.44      4,434.53
147          125.56         10.16      4,308.97
148          125.84          9.86      4,183.13
149          126.14          9.58      4,057.00
150          126.43          9.30      3,930.57
151          126.71          9.00      3,803.84
152          127.01          8.72      3,676.84
153          127.29          8.42      3,549.55
154          127.59          8.13      3,421.96
155          127.87          7.83      3,294.07
156          128.18          7.54      3,165.90
157          128.46          7.25      3,037.42
158          128.75          6.96      2,908.67
159          129.06          6.67      2,779.61
160          129.34          6.37      2,650.25
161          129.65          6.07      2,520.59
162          129.94          5.78      2,390.65
163          130.25          5.48      2,260.40
164          130.53          5.17      2,129.86
165          130.84          4.87      1,999.01
166          131.13          4.58      1,867.88
167          131.43          4.28      1,736.43
168          131.75          3.98      1,604.69
169          132.05          3.68      1,472.64
170          132.34          3.37      1,340.28
171          132.65          3.06      1,207.64
172          132.96          2.77      1,074.68
173          133.25          2.46        941.41
174          133.56          2.16        807.85
175          133.87          1.85        673.98
176          134.18          1.54        539.79
177          134.49          1.24        405.31
178          134.80          0.93        270.51
179          135.09          0.62        135.40
180          135.40          0.31          0.00
